1 0.36283557046979864 0.15184563758389255 0.32843959731543626 0.2835570469798656
1 0.39681208053691275 0.3867449664429528 0.376258389261745 0.30704697986577173
1 0.6346476510067113 0.7315436241610738 0.2277684563758388 0.15771812080536912
1 0.8227768456375838 0.8926174496644296 0.33221476510067127 0.19127516778523473
1 0.4591023489932885 0.9295302013422818 0.3624161073825503 0.1409395973154363
1 0.8391359060402687 0.4932885906040268 0.31711409395973156 0.16778523489932884
1 0.6478607382550334 0.4312080536912752 0.23406040268456377 0.34563758389261745
1 0.8435402684563756 0.6971476510067114 0.2781040268456375 0.1493288590604026
1 0.812709731543624 0.20469798657718113 0.3120805369127518 0.30201342281879184
1 0.14856553379116583 0.4303691275167786 0.16050316060558778 0.3338926174496644
1 0.40058724832214765 0.7743288590604027 0.29068791946308714 0.1728187919463088